cam_model: Pinhole
cam_width: 2448
cam_height: 2048
scale: 0.25
cam_fx: 1789.819
cam_fy: 1785.835
cam_cx: 1232.045
cam_cy: 1057.9997
cam_d0: -0.33733       
cam_d1: 0.167308
cam_d2: -0.00045789
cam_d3: 0.00015181
